0 [72 106 4 78 41 55 116 103 90 57 57 119 114 99 22 109]
1 [72 106 6 78 41 68 116 103 90 0 57 119 114 99 84 109]
2 [72 106 19 78 41 5 116 103 90 54 57 119 114 99 64 109]
3 [72 106 21 78 41 54 116 103 90 89 57 119 114 99 99 109]
4 [72 106 25 78 41 68 116 103 90 121 57 119 114 99 31 109]
5 [72 106 25 78 41 118 116 103 90 113 57 119 114 99 64 109]
6 [72 106 27 78 41 52 116 103 90 115 57 119 114 99 122 109]
7 [72 106 30 78 41 10 116 103 90 109 57 119 114 99 99 109]
8 [72 106 34 78 41 76 116 103 90 122 57 119 114 99 15 109]
9 [72 106 34 78 41 99 116 103 90 69 57 119 114 99 106 109]
10 [72 106 35 78 41 2 116 103 90 21 57 119 114 99 127 109]
11 [72 106 37 78 41 54 116 103 90 125 57 119 114 99 42 109]
12 [72 106 37 78 41 103 116 103 90 113 57 119 114 99 5 109]
13 [72 106 38 78 41 63 116 103 90 64 57 119 114 99 71 109]
14 [72 106 41 78 41 47 116 103 90 42 57 119 114 99 102 109]
15 [72 106 42 78 41 0 116 103 90 108 57 119 114 99 95 109]
16 [72 106 42 78 41 3 116 103 90 52 57 119 114 99 57 109]
17 [72 106 43 78 41 80 116 103 90 19 57 119 114 99 48 109]
18 [72 106 44 78 41 79 116 103 90 1 57 119 114 99 39 109]
19 [72 106 44 78 41 115 116 103 90 44 57 119 114 99 29 109]
20 [72 106 56 78 41 9 116 103 90 44 57 119 114 99 54 109]
21 [72 106 56 78 41 34 116 103 90 49 57 119 114 99 61 109]
22 [72 106 65 78 41 43 116 103 90 1 57 119 114 99 16 109]
23 [72 106 65 78 41 64 116 103 90 35 57 119 114 99 64 109]
24 [72 106 68 78 41 78 116 103 90 92 57 119 114 99 49 109]
25 [72 106 68 78 41 86 116 103 90 100 57 119 114 99 8 109]
26 [72 106 70 78 41 28 116 103 90 14 57 119 114 99 76 109]
27 [72 106 73 78 41 83 116 103 90 23 57 119 114 99 123 109]
28 [72 106 74 78 41 103 116 103 90 13 57 119 114 99 118 109]
29 [72 106 76 78 41 5 116 103 90 43 57 119 114 99 0 109]
30 [72 106 82 78 41 49 116 103 90 111 57 119 114 99 64 109]
31 [72 106 82 78 41 68 116 103 90 20 57 119 114 99 63 109]
32 [72 106 83 78 41 86 116 103 90 116 57 119 114 99 100 109]
33 [72 106 84 78 41 80 116 103 90 82 57 119 114 99 56 109]
34 [72 106 86 78 41 104 116 103 90 93 57 119 114 99 42 109]
35 [72 106 91 78 41 110 116 103 90 117 57 119 114 99 8 109]
36 [72 106 92 78 41 91 116 103 90 88 57 119 114 99 11 109]
37 [72 106 98 78 41 6 116 103 90 70 57 119 114 99 73 109]
38 [72 106 99 78 41 38 116 103 90 82 57 119 114 99 109 109]
39 [72 106 100 78 41 121 116 103 90 83 57 119 114 99 60 109]
40 [72 106 102 78 41 105 116 103 90 97 57 119 114 99 79 109]
41 [72 106 103 78 41 7 116 103 90 30 57 119 114 99 92 109]
42 [72 106 103 78 41 44 116 103 90 54 57 119 114 99 72 109]
43 [72 106 105 78 41 80 116 103 90 117 57 119 114 99 92 109]
44 [72 106 106 78 41 42 116 103 90 53 57 119 114 99 35 109]
45 [72 106 108 78 41 84 116 103 90 34 57 119 114 99 90 109]
46 [72 106 110 78 41 73 116 103 90 116 57 119 114 99 121 109]
47 [72 106 111 78 41 49 116 103 90 76 57 119 114 99 125 109]
48 [72 106 115 78 41 1 116 103 90 86 57 119 114 99 51 109]
49 [72 106 118 78 41 48 116 103 90 7 57 119 114 99 96 109]
50 [72 106 119 78 41 75 116 103 90 11 57 119 114 99 16 109]
51 [72 106 120 78 41 121 116 103 90 79 57 119 114 99 109 109]
52 [72 106 123 78 41 48 116 103 90 108 57 119 114 99 56 109]
